abcdefg
ab1cdefg
11 00001
11 00002
11 00003 
11 00004 
11 00005 
11 00006 
11 00007 
11 00008 
11 00009 
11 00010 
11 00011 
11 00012 
11 00013 
11 00014 
11 00015 
11 00016 
11 00017 
11 00018 
11 00019 
11 00020 
11 00021 
11 00022 
11 00023 
11 00024 
11 00025 
11 00026 
11 00027 
11 00028 
11 00029 
11 00030 
11 00031 
11 00032 
11 00033 
11 00034 
11 00035 
11 00036 
11 00037 
11 00038 
11 00039 
11 00040 
11 00041 
11 00042 
11 00043 
11 00044 
11 00045 
11 00046 
11 00047 
11 00048 
11 00049 
11 00050 
000043 
0000000044 
0000000045 
0000000046 
0000000047 
0000000048 
0000000049 
0000000050 
