相同之223处
相同之111处
相同之处
33 00001
33 00002 
33 00003 
33 00004 
33 00005 
33 00006 
33 00007 
33 00008 
33 00009 
33 00010 
33 00011 
33 00012 
33 00013 
33 00014 
33 00015 
33 00016 
33 00017 
33 00018 
33 00019 
33 00020 
33 00021 
33 00022 
33 00023 
33 00024 
33 00025 
33 00026 
33 00027 
33 00028 
33 00029 
33 00030 
33 00031 
33 00032 
33 00033 
33 00034 
33 00035 
33 00036 
33 00037 
33 00038 
33 00039 
33 00040 
33 00041 
33 00042 
33 00043 
33 00044 
33 00045 
33 00046 
33 00047 
33 00048 
33 00049 
33 00050 
